L = [3 -1 -1 0 0 -1; -1 5 -1 -1 -1 -1; -1 -1 3 -1 0 0; 0 -1 -1 3 0 -1; 0 -1 0 0 1 0; -1 -1 0 -1 0 3];
B = [0 1 0 0; 1 1 0 1];
T = diag([3 5 3 3 1 3]);
delT = [1 0; 0 3];


